 	Mean1	Mean2	Mean3
1	1249.286	1883.578	1213.227
2	1186.857	1723.933	1277.591
3	1127.114	1549.311	1245.545
4	1034.143	1422.400	1193.568
5	983.714	1330.067	1214.136
6	1104.371	1310.222	1353.614
7	1306.514	1288.044	1679.841
8	1496.257	1343.778	1669.932
9	1762.971	1319.956	1593.364
10	1828.371	1272.600	1595.273
11	1722.429	1281.511	1633.295
12	1672.971	1308.533	1664.023
13	1602.429	1337.733	1690.045
14	1484.400	1348.178	1756.386
15	1407.714	1253.533	1625.841
16	1521.429	1236.178	1665.318
17	2508.886	1648.400	1723
18	2802.029	1761.956	1764.886
19	2593.829	1785.956	1664.659
20	3103	1619.844	1624.773
21	3136.743	1787.111	1714.727
22	3233	1853.889	1731.409
23	3195.314	1849.156	1672.841
24	3222.657	1898	1728.295
25	3074.114	1989.978	1797.455
26	3050.572	1975.067	1616.841
27	3011.428	1980.156	1521.591
28	3016.686	1912.578	1451.591
29	2857.629	1844.400	1389
30	2779.829	1795.711	1295.841
31	2753.886	1742.867	1286.886
32	2993.686	1898.333	1711.955
33	3203.086	1838.578	1991.614
34	3091.114	1672.556	1837.750
35	2923.200	1564.867	1669.273
36	2724.771	1450.222	1496.955
37	2497.943	1328.911	1331.159
38	2266.572	1285.422	1205.273
39	2018.171	1219.333	1127.477
40	1799.771	1178.378	1042.909
41	1671.257	1156.622	1017.545
42	1630.543	1184.933	1120.023
43	1550.086	1166.600	1130.886
44	1490.943	1189.867	1172.250
45	1454.714	1195.622	1109
46	1315.286	1260	1080.159
47	1860.971	1681.578	1331.159
48	2689.114	2191.267	1635.205
49	2918.657	2096.889	1556.955
50	2701.857	1883.244	1356.864
51	2490.371	1746.578	1238.886
52	2331.543	1565.178	1182.409
53	2193.457	1558.778	1171.205
54	2134.314	1513.756	1172.023
55	2072.343	1479.111	1103.682
56	1889.657	1399.600	1046.886
57	1741.543	1348.778	1111.591
58	1611.114	1336.867	1094.841
59	1567.086	1279.200	1043.205
60	1469.800	1262.933	1004.636
61	1817.800	1330.889	1052.955
62	2118.714	1402.333	1548.205
63	2403.343	1408.933	2210
64	2410	1356.956	2373
65	2299.543	1256.311	2352.886
66	2181.686	1251.378	2205.523
67	1952	1197.800	2018.227
68	1805.514	1161.622	2016.659
69	1728.743	1176.667	2169.705
70	1552.571	1161.867	2050.182
71	1379.543	1109.467	1857.045
72	1308.943	1192.556	1719.295
73	1250.314	1288.778	1564.455
74	1092.543	1204.267	1420.909
75	1036.143	1196.356	1352.409
76	1005.600	1185.822	1496.114
77	1229.229	1350.556	1641.614
78	1711.600	1742.022	2032.705
79	1716.657	1715.756	2092.318
80	1860.200	1742.800	2052.318
81	2022.400	1829.178	1972.409
82	2119.171	1888.622	2011.909
83	2049.943	2013.644	1967.114
84	2129.114	2124.667	1943.591
85	1992.200	2292.622	1890.909
86	1976.171	2229.511	1786.227
87	2033.457	2301.444	1774.318
88	2102.486	2231.800	1739.273
89	2102.257	2708.156	1706.205
90	1938.714	2816.422	1624.500
91	1815.743	2840.867	1590.545
92	1818.971	2722.822	1791.273
93	2251.857	2598.889	2565.205
94	2188.371	2366.556	2483.523
95	1935.029	2166.711	2345.341
96	1730.486	1897.800	2118.159
97	1529.343	1719.489	1966.568
98	1449.143	1590.756	1815.318
99	1263.800	1488.667	1702.545
100	1169.400	1410.400	1580.795
101	1097.057	1323.644	1450.205
102	1008.743	1239.489	1322.773
103	907.657	1176.844	1238.705
104	884.771	1140.644	1166.136
105	842.686	1097.444	1131.136
106	852.200	1096.178	1061.045
107	858.800	1103.511	1050.568
108	1042.800	1264.289	1297.932
109	1092.514	1328.600	1668.068
110	1048	1355.533	1795.273
111	1004.800	1348.733	1748.250
112	1009.400	1395.844	1683
113	991.971	1432.467	1765.682
114	1017.857	1407.822	1650.432
115	947.800	1332.822	1618.614
116	975.743	1296.222	1956.864
117	928.371	1459.867	2255.295
118	930.771	1397.111	2182.727
119	924.771	1575.222	2030.136
120	909.114	1494.533	1894.227
121	931.429	1456.933	2001.455
122	969.771	1428.489	2178.864
123	1219.257	1532.711	2686.295
124	1164.371	1420.622	2656.136
125	1053.686	1280.489	2490.818
126	1028.629	1254.933	2366.773
127	905.486	1178.467	2136.227
128	845.286	1104.333	1979.341
129	788.629	1146.178	1803.250
130	767.600	1153.489	1702.977
131	778.257	1166.667	1601.455
132	759.314	1173.067	1488.841
133	766.143	1083.756	1372.591
134	735.600	1080.089	1254
135	751.257	1075.956	1168.864
136	735.686	1051.178	1108.614
137	758.114	1050.933	1089.318
138	954.657	1194.333	1282.091
139	1321.686	1651.578	1939.227
140	1291.486	1656.156	2171.750
141	1164.886	1594.133	2038.773
142	1085.400	1475.533	1936.386
143	1076.371	1498.356	2010.409
144	1099.686	1496.378	2018.727
145	1042.971	1405	1891.341
146	1014	1343.400	1909.750
147	1030.343	1306.022	2101.500
148	955.543	1240.667	2019.659
149	985.943	1374.822	2037.318
150	1031.457	1489.867	2147.341
151	1042.343	1673.511	2478.682
152	1066.029	1640.089	2578.159
153	1144.429	1637.578	2815.955
154	1332.943	1506.689	2793.750
155	1176.086	1354.311	2580.455
156	1031.743	1231.400	2385.386
157	1026.800	1138.733	2252.295
158	1047.943	1148.600	2119.068
159	1081.714	1122.667	2054.932
160	1112.714	1084.378	1863.045
161	1075.629	1073.756	1778.205
162	965.486	1037.978	1644.227
163	939.943	998.378	1509.864
164	920.286	978.333	1350.955
165	866.286	989.444	1261.341
166	828.400	977.733	1331.182
167	823	1021.556	1295.795
168	1187.829	1072.911	1324.364
169	1688.771	1260.044	1496.409
170	1752.686	1279.489	1427.364
171	1499.829	1216.244	1342.750
172	1575.800	1248	1299.659
173	1483.571	1257.422	1249.932
174	1495.743	1229.289	1159.364
175	1399.371	1162.756	1174.341
176	1318.686	1154.956	1174.977
177	1220.429	1104.156	1156.750
178	1198.857	1123.044	1139.818
179	1090.857	1069.044	1118.795
180	1234.600	1126.711	1186.114
181	1523.657	1211.356	1451.227
182	1532.486	1210.289	1408.068
183	1584.829	1229.667	1557.932
184	1694.629	1277.644	2127.500
185	1614.200	1188.111	2131.182
186	1448.257	1124.978	1906.341
187	1394.286	1120.200	1705.614
188	1281.657	1070.089	1526.114
189	1133.743	1009.578	1421.727
190	1007.629	997.067	1320.886
191	986.029	1004.667	1296.386
192	968.657	973.489	1195.023
193	949.629	979.756	1146.500
194	906.829	1032.489	1122.932
195	913.171	1067.289	1106.227
196	864.257	1082.800	1060.295
197	814.200	1045.756	993.432
198	1033.771	1054.733	997.045
199	1948.257	1136.600	1077.114
200	2165.457	1139.933	1062.955
201	2075.286	1121.978	1059.614
202	2006.114	1130.289	980.409
203	2072.514	1106.089	961.909
204	2177.057	1081.889	959.977
205	2161.800	1084.556	953.432
206	2161.572	1090.822	965.568
207	2196.857	1110.178	995.750
208	2198.514	1133.111	1031.295
209	2119.371	1143.222	1022.432
210	1959.286	1142.067	1000.023
211	2336.314	1290.444	1133.636
212	2889.171	1339.444	1314.932
213	3048.029	1443.644	1314.614
214	3030.457	1578.467	1576.932
215	2617.314	1636.222	1741.932
216	3003.629	1429.400	1883.932
217	2874.657	1315.822	1853.545
218	2817.800	1312.022	1704.818
219	2771.257	1447.222	1673.841
220	2660.600	1475.022	1643.705
221	2528.057	1466.733	1573.545
222	2620.543	1474.467	1608.409
223	2347.314	1446.844	1483.727
224	2262.314	1385.889	1382.364
225	2082.143	1342.622	1333.250
226	1821.943	1301.978	1201.409
227	1568.257	1310.800	1057.795
228	1430.343	1290.711	1009.795
229	1510.086	1375.244	1077.864
230	1657.886	1570.889	1200.864
231	1580	1625.556	1186.364
232	1481.429	1630.556	1188.205
233	1345	1664.711	1130.750
234	1335.629	1564.844	1150.795
235	1375.829	1590.933	1220
236	1359.457	1663.667	1189.136
237	1431.714	1661.578	1280.977
238	1402.400	1696.244	1286.068
239	1373	1690.178	1283.864
240	1335.800	1803.733	1249.136
241	1272.229	1787.089	1191.114
242	1161.229	1709.667	1152.773
243	1066.914	1607.267	1044.659
244	984.314	1500.244	1010.432
245	931.257	1417.400	923.364
246	851.886	1317.778	889.386
247	790.229	1217.956	815.818
248	770.343	1168.489	790.909
249	769.543	1123.644	772.773
250	722.457	1104.111	784.636
251	724.800	1091.133	761.909
252	695.971	1087.022	773.136
253	707.400	1070.133	776.227
254	691.686	1075.511	756.705
255	705.057	1078.533	769.500
256	708.914	1083.044	775.614
257	714.343	1074.333	760.136
258	728.857	1081.289	767.386
259	841.429	1216.089	856.455
260	1151.371	1450.333	1148.455
261	1341.371	1436.267	1344.341
262	1273.114	1428.222	1403.750
263	1210	1385.756	1436.682
264	1076.600	1303.867	1310.318
265	990.914	1242.156	1223.295
266	949.857	1195.822	1125.568
267	891.943	1185.267	1056.023
268	909.886	1180.956	1091.636
269	914.086	1186.622	1161.159
270	948.886	1179.378	1141.955
271	966.514	1179.556	1104.159
272	916.743	1168.022	1063.455
273	913.486	1168.222	1123.227
274	986.143	1176.733	1161.636
275	1170.886	1239.422	1251.864
276	1215.571	1197.356	1208.955
277	1073.914	1156.244	1094.341
278	1004.457	1097.289	1029.409
279	922.600	1048.200	957.136
280	853.200	1053.578	913.818
281	802.771	1041.178	870.114
282	796.343	1005.422	866.591
283	789.657	1022.200	859.091
284	738.771	1031.822	812.705
285	762.114	1017.133	808.568
286	732.286	1027.111	804
287	702.857	1003.556	785.045
288	703.171	985.467	768.182
289	725.286	1007.467	789.750
290	884.800	1124.489	1292.114
291	963.886	1216.467	1705.455
292	1022.400	1247.533	2094.523
293	1081.914	1292.444	2174.682
294	1060.114	1334.889	2130.545
295	1163.343	1399.956	2270.136
296	1182.714	1433.889	2242.273
297	1147.914	1507.356	2261.477
298	1254.143	1907.200	1987.773
299	1452.514	1888.933	2403.682
300	1599.371	2001.400	2574.795
301	1647.714	2035.578	2568.636
302	1703.286	2001.178	2442.409
303	1603.971	1977.933	2282.182
304	1641.171	1939.133	2129.955
305	1814.171	1930.622	2169.432
306	1525.657	1730.800	2113.886
307	1286.057	1596.289	1933.250
308	1088.029	1407.267	1682.432
309	959.771	1318.689	1486.795
310	886.686	1240.933	1333.091
311	806.971	1217.067	1216.273
312	793.400	1183.222	1153.545
313	781.543	1134.667	1066.750
314	731.657	1097.333	1014.023
315	717.743	1066.467	953.568
316	714.771	1059.333	918.818
317	720.714	1043	876.477
318	693	1053.511	864.636
319	702.914	1043.600	844.682
320	809.286	1164.978	917.068
321	951.371	1498.578	1087.750
322	1042.057	1582.733	1191.705
323	1028.857	1533.200	1167.386
324	960.229	1446.733	1058.750
325	940.886	1419.267	1033.932
326	910.829	1356.067	990.545
327	906.886	1341.089	1003.318
328	900.571	1314.156	994.273
329	905.229	1310.622	1011.432
330	941.229	1311.756	1003.500
331	918.171	1293.778	1006.818
332	875.686	1215.111	974.795
333	850.600	1245.267	906.614
334	821.229	1183.600	868.295
335	793.971	1172.578	868.114
336	785.286	1108.844	862.795
337	784.943	1080.956	830.250
338	873.114	1086.422	837.795
339	988.343	1074.244	848.432
340	1007.171	1049.844	842.114
341	969.086	1026.289	848.159
342	942.829	999.200	827.636
343	887.229	1032.244	839.659
344	896.114	1007.578	812.523
345	805.086	978.089	811.614
346	777.943	976.822	780.773
347	852.143	948.578	795.886
348	875.829	978.644	793.545
349	924.571	980.378	781.500
350	1078.400	1032	854.341
351	1233.971	1096.356	923.023
352	1338.714	1092.111	934.432
353	1445.114	1147.289	990.705
354	1611.486	1273.111	1108.068
355	1597.943	1281.200	1086.341
356	1649.686	1291.467	1092.773
357	1528.886	1258.133	1010
358	1369.343	1214.867	995.977
359	1353.886	1215.244	996.682
360	1362.657	1209.200	997.545
361	1318.829	1248.489	1023.295
362	1357.114	1239.933	1042.841
363	1435.600	1328.689	1119.659
364	1391.571	1322.178	1116.636
365	1253.086	1289.511	1128.136
366	1210	1276.933	1176.705
367	1052.629	1187.044	1056.955
368	934.143	1143.067	1007.977
369	873.343	1099.378	878.591
370	819.171	1055.311	860.409
371	840.600	1054.800	861.045
372	803.171	1023.778	859.159
373	808.657	1010.356	841.273
374	807.771	1035.800	829.568
375	812.114	1043.533	831.682
376	829.200	1039.867	833.023
377	802	1015.311	819.205
378	777.457	979.600	820.568
379	760.543	988.578	806.455
380	896.257	1023.867	847.636
381	1743.543	1226.756	1056.068
382	2089.771	1250.956	1111.614
383	1959.800	1302.889	1059.727
384	2134.657	1362.289	1100.273
385	2229.229	1364.889	1089.386
386	2167.771	1307.889	1015
387	2123.343	1287.422	1034.341
388	1970.371	1254.844	1000.432
389	1932.057	1246.511	983.568
390	1936	1240	986.568
391	2035.200	1235.711	983.659
392	1912.657	1207.244	988.841
393	1950.771	1215.400	991.864
394	2014.086	1282.622	997.659
395	2299.114	1266.267	1038.977
396	2379.486	1351.022	1199.886
397	2264.971	1294.044	1200
398	2101.857	1237.822	1116.455
399	1904.771	1190.911	1040
400	1757.686	1165.244	1000.636
401	1646.657	1120.222	1002.955
402	1485.743	1163.467	1012.977
403	1349.714	1157.178	952.614
404	1227.057	1175.311	922.636
405	1117.714	1188.933	893.773
406	1081.543	1156.756	878.932
407	1000.943	1147.200	890.886
408	930.257	1150.778	854.636
409	885.857	1089.244	844.023
410	838.143	1087.933	827.614
411	1084.543	1216.356	920.955
412	1487.657	1408.556	1062.773
413	1416.400	1387.289	1045.023
414	1319.343	1404.267	1012.568
415	1271.429	1402.467	996.318
416	1192.629	1390.711	952.136
417	1228.657	1390.933	978.955
418	1260.114	1474.089	1014.659
419	1173.057	1440.200	995.182
420	1205.457	1491.578	1037.159
421	1167.800	1463.556	1006.455
422	1132.857	1440.356	1012.136
423	1044.771	1409	973.705
424	1003.571	1410	964.886
425	988.600	1404.200	948.909
426	1014.800	1419.356	1033.659
427	1075.029	1407.622	1079.023
428	1047	1340.733	1004.477
429	957.400	1259.022	937.568
430	925.486	1225.178	883.636
431	877.229	1189.778	891.841
432	833.200	1156.311	882.545
433	822.457	1150.911	837.295
434	793.971	1129.667	843.955
435	784.657	1134	870.864
436	770.257	1126.111	847.091
437	762.286	1100.778	815.932
438	738.514	1081.556	808.386
439	732	1061.422	805.250
440	778.086	1105.867	827.864
441	913.371	1378.511	912.841
442	1348.343	1638.756	1093.455
443	1508.686	1724.333	1139.227
444	1608.029	1909.822	1185.795
445	1423.229	1984.067	1128.750
446	1354.914	1925.089	1083.386
447	1170.486	1710.467	1060.955
448	1115.857	1585.378	1032.205
449	1107.200	1460.911	960.568
450	1037.829	1389.489	950.591
451	996.629	1335.511	935.614
452	948.314	1335.244	965.614
453	1116.257	1835.667	1036.886
454	1070.457	1830.467	1006.886
455	1124.971	1671.511	952.909
456	1100.600	1555.889	1012.864
457	1312.457	1426.289	1057.727
458	1227.543	1343.533	1074.068
459	1190.429	1215.911	1076.955
460	1328.800	1166.800	1009.795
461	1243.514	1097.356	984.205
462	1228.543	1107.578	952.841
463	1110.829	1123.022	946.159
464	1038.029	1129.422	941.273
465	961.057	1131.244	878.500
466	953.771	1133.933	916.886
467	940.029	1145.978	913.432
468	855.800	1162.222	921.068
469	856.286	1143.022	880.841
470	814.800	1135.467	831.909
471	789.486	1225.667	856.250
472	896.200	1342.667	1072.818
473	918.943	1445.022	1123.432
474	1011.257	1591.422	1400.318
475	1069.886	1681.022	1446.068
476	1109.914	1737.867	1345.682
477	1006.229	1585.422	1232.795
478	1001.686	1466.400	1151.364
479	965.114	1339.933	1081.477
480	932.343	1267.933	1014.318
481	916.257	1282.467	1063.705
482	918.743	1322.444	1144.477
483	956.571	1410.200	1212.386
484	907.600	1381.756	1165.091
485	879.886	1280.178	1118.500
486	880.400	1284.667	1173.432
487	1014.743	1365.422	1477.682
488	1081.343	1302.400	1393.477
489	1036.657	1228.444	1285.818
490	1035.343	1205.533	1164.750
491	1009.171	1184.244	1129.341
492	935.486	1158.600	1091.205
493	905.486	1131.089	1034.295
494	907.886	1130.222	1021.386
495	846.743	1117.311	986.977
496	832.143	1125.911	956.977
497	810.657	1126.778	931.091
498	790.829	1102.911	881.545
499	765.429	1084.422	873.477
500	773.714	1093.800	865.159
501	750.257	1075.600	840.023
502	822.571	1186.756	913.818
503	941.200	1588	1138.182
504	934.057	1568.978	1188.864
505	877.143	1509	1152.227
506	859.600	1410.156	1098.045
507	808.743	1336.200	1120.227
508	817.486	1263.311	1136.318
509	888.314	1503.489	1423.318
510	894.829	1521.111	1459.114
511	880.371	1559.933	1592.227
512	865.457	1463.467	1586.364
513	853.371	1440.800	1771.727
514	909.229	1618.378	1770.500
515	977.714	1970.822	1822.091
516	1173.743	2283.800	2165.568
517	1362.743	2520.778	2377.205
518	1348.286	2349.622	2425.886
519	1190.400	2063.556	2221.636
520	1101.600	1823.311	1963.455
521	973.686	1647.711	1716.091
522	924.971	1490.889	1633.568
523	993.143	1452.711	1717.136
524	1025.429	1414.178	1719.909
525	1001.371	1342.533	1638.568
526	1029.771	1321.711	1547.523
527	965.257	1277.222	1448.614
528	903.086	1250	1301.182
529	868.486	1239.289	1171.227
530	846.800	1179.489	1157
531	863.571	1242.733	1133.682
532	1048.571	1313.044	1149.023
533	1308.371	1507.978	1336.545
534	1270.857	1554.644	1312.864
535	1162.457	1485.600	1204
536	1053.143	1421.289	1125.636
537	972.486	1348.933	1021.318
538	932.971	1273.089	990.136
539	911.200	1237.356	921.114
540	834	1207.756	890.318
541	814.971	1169.244	866.636
542	819.486	1135.756	831.114
543	898.486	1207.644	889.636
544	911.429	1230.178	913.455
545	917.629	1249.178	972.432
546	902.343	1226.044	956.114
547	951.800	1315.533	1028.364
548	1096.171	1437.356	1237.932
549	1062.029	1393.267	1321.159
550	1007.143	1298.867	1307.818
551	908.029	1239.556	1183.932
552	865.857	1225.111	1121.909
553	816.429	1159.578	1008.273
554	730.571	1097.267	924.295
555	719.257	1055.089	871.932
556	780.314	1084.800	1013.659
557	802.886	1135.844	1052.455
558	836	1155.867	1027.909
559	815.629	1136.311	1016.068
560	795.829	1132.689	949.909
561	759.686	1145.111	906.568
562	816.829	1119.356	907
563	1095.371	1122.511	945.818
564	1194.657	1200.022	953.705
565	1177.771	1185.844	915.977
566	1173.314	1187.422	947.318
567	1190.657	1155.489	944.955
568	1349.371	1132.933	953.364
569	1269.057	1141.111	938.523
570	1362.457	1126.933	966.159
571	1713.200	1112.511	1054.523
572	1867.457	1114.356	1107.159
573	1864.286	1098.311	1097.068
574	1803.886	1072.956	1008.886
575	1660.371	1047.933	983.727
576	1631.800	1039.467	958.909
577	1594.571	1021.778	951.045
578	1802.314	1094.822	1226.591
579	1942.914	1084.200	1317.727
580	1802.600	1059.178	1238.864
581	1699.800	990.889	1103.273
582	1538.257	972.867	1017.841
583	1350.771	1001.022	950.136
584	1297.343	1277.889	946.614
585	1342.029	1543.711	1117.023
586	1245.314	1777.844	1195.841
587	1106.057	1782.844	1122.545
588	1063.629	1602.244	1071.795
589	1027.571	1461.911	1002.795
590	933.571	1361.756	950.614
591	873.343	1285.422	949.227
592	853.686	1205.311	907.250
593	1119.229	1291.356	999.909
594	1177.686	1309.533	1044.773
595	1146.829	1227.222	1010.136
596	1062.771	1159.556	949.795
597	1098.514	1158.844	906.182
598	1077.771	1149.533	908.932
599	1082.943	1190.978	916.114
600	1073.400	1170.889	919.136
601	1111.371	1160.378	914
602	1054.857	1144.711	899.045
603	985.314	1112.978	873.932
604	1136.829	1163.867	931.364
605	1355.629	1272.356	951.886
606	1342.971	1247.933	974.636
607	1319.143	1196.844	958.182
608	1374.343	1218.267	1157.682
609	1327.029	1146	1142.250
610	1176.514	1081.111	1023.159
611	1083.343	1083.333	994.909
612	956.629	1032.244	919.773
613	899.029	951.311	866.591
614	883.943	978.044	878.432
615	856.543	971.244	876.864
616	854.829	973.733	884.864
617	807.686	1058.756	855.795
618	912.914	1315.622	892.318
619	1062	1364.667	919.114
620	990.514	1289.156	918.591
621	935.886	1238.089	874.250
622	878.371	1215.822	876.432
623	868	1228.911	945.045
624	989.943	1208.511	985.523
625	1016.457	1176.822	1008.364
626	1187.571	1141.489	1060.795
627	1236.686	1181.178	1118.182
628	1260.143	1163	1128.341
629	1197.143	1120.800	1199.432
630	1191.371	1121.489	1208.841
631	1262.029	1140.311	1188.114
632	1401.886	1146.178	1315.773
633	1456.629	1136	1333.273
634	1463.486	1133.378	1603.795
635	1426.229	1139.489	1533.932
636	1524.143	1131.733	1649.068
637	1421.771	1075.733	1623.341
638	1329.429	1104.533	1590.682
639	1427.543	1142	1765.932
640	1279.314	1095.511	1595.818
641	1171.371	1033.022	1450.023
642	1050.429	985.533	1352.977
643	1020.971	976.489	1272.227
644	977.914	991.489	1232.977
645	936.371	1067.533	1228.795
646	888.657	1111.156	1270.045
647	840.400	1077.867	1141.500
648	817.829	1027.022	1063.205
649	781.829	978.644	972.341
650	726.657	946.111	924.886
651	713.600	920.378	907.614
652	722.743	956.133	856.205
653	785.029	999.222	930.750
654	882.743	1063.356	1237.909
655	908.371	1062.844	1438.795
656	956.686	1109.467	1731.773
657	970.029	1110.578	1794.500
658	918.771	1039.111	1647.682
659	909.343	1044.933	1609.477
660	858.486	1031.711	1503.068
661	855.914	1042.089	1534.705
662	853.229	1068.333	1495.273
663	900.257	1095.911	1543.523
664	933.429	1125.978	1532.386
665	944.600	1124.133	1491.682
666	939.514	1105.422	1427.182
667	943.029	1094.867	1333.977
668	930.371	1074	1259.409
669	970	1128.267	1265.727
670	995.829	1092.867	1190.045
671	930.914	1067.533	1077.455
672	872.686	1051.911	1019.932
673	786.200	1000.644	924.318
674	779.314	1020.711	904.068
675	744.286	968.044	872.068
676	740.229	985.422	855.795
677	763.800	980.578	855.318
678	736.943	993.356	839.727
679	739.857	994.911	841.545
680	728.571	1012.022	848.091
681	705.114	1009.622	822.409
682	741.057	996.089	804.591
683	747.857	1017.200	834.523
684	788.943	1063.800	874.432
685	770.714	1045.356	870.045
686	772.914	1050.178	891.455
687	778.400	1080.511	913.614
688	856.429	1095.733	954.477
689	880.571	1173.200	994.023
690	857.771	1166.689	970.091
691	901.857	1200.844	980.432
692	925.686	1195	958.136
693	932.029	1218.356	982.023
694	911.629	1185.689	964.250
695	915.743	1245.756	973.659
696	902.600	1214.756	965.864
697	919.486	1267.756	996.864
698	936.200	1261.844	1018.864
699	962.229	1300.022	1052.250
700	913.857	1231.044	991.705
701	851.486	1188.800	930.818
702	791.457	1146.800	927.364
703	739.200	1051.778	824.568
704	732.657	1023.889	826.455
705	730.943	1018.867	837.477
706	733.857	1054.644	875.136
707	769.686	1074.533	930.250
708	799.971	1108.200	980.091
709	797.743	1121.156	938.682
710	783.057	1080.378	888.705
711	789.171	1075.978	858.841
712	808.114	1092.489	855.432
713	833.343	1078.733	846.136
714	966.429	1170.244	912.795
715	1159.171	1312.778	1055.977
716	1216.914	1346.578	1099.932
717	1210.143	1366.511	1106.682
718	1141.429	1362.444	1055.636
719	1087.857	1344.244	998.727
720	1104.400	1346.089	1014.591
721	1182.457	1538.422	1151.773
722	1235.857	1537.156	1162.659
723	1252.257	1714.644	1197.159
724	1466.314	1807.289	1283.568
725	1530.229	1822.889	1367.136
726	1621.771	1943.511	1479.023
727	1616.400	1889.156	1526.682
728	1470.971	2151.289	1382.091
729	1466.629	2053.556	1426.227
730	1667.314	1877.156	1568.932
731	1708.286	1816.644	1648.205
732	1630.057	1722.222	1484.500
733	1565.114	1587.756	1409.091
734	1443.143	1593.844	1329
735	1258.629	1608.733	1156.227
736	1125.571	1529.156	1082.977
737	1025.486	1398.133	1009.636
738	982.829	1407.800	945.841
739	939.343	1646.200	951.909
740	921.800	1692.689	957.273
741	897.714	1606.044	937.364
742	830.886	1477.533	885.227
743	809.171	1354.178	845
744	869.771	1329.600	868.727
745	1344.657	1501.289	1018.841
746	1460.971	1490.778	1012.614
747	1380.371	1442.733	970
748	1207.057	1313.444	900.136
749	1047.829	1224.311	802.659
750	1013.800	1214.200	828.864
751	955.971	1194.711	817.182
752	993.114	1190.111	852.523
753	1153.886	1236.689	910.477
754	1265.086	1242.133	946.773
755	1214.257	1233.889	933.091
756	1379.314	1218.622	927.795
757	1373.857	1215.267	916
758	1338	1160.022	883.523
759	1216	1147.844	864.932
760	1197.143	1108.956	839.568
761	1110.486	1051.356	820.295
762	1065.600	1060.311	824.091
763	1094.629	1042.778	814.591
764	1019.057	1044.400	777.841
765	958.486	1035.667	803.977
766	928.486	995.178	792.614
767	855.029	983.044	786.091
768	808.800	1055	886.614
769	830.257	1069.711	973.364
770	822.943	1081.844	997.705
771	781.286	1074.844	1014.636
772	778.286	1077.911	966.227
773	847.086	1090.222	944.614
774	828.914	1081.222	949.250
775	911.686	1152.378	1032.205
776	1077.800	1164	1029.545
777	1061.943	1227.911	1083.523
778	1073.200	1191.378	1020.455
779	1069.086	1201.956	997.114
780	987.400	1205.378	955.273
781	1030.200	1240.911	969.886
782	993.029	1210.222	958.545
783	1015.400	1206.356	952.455
784	1094.886	1218.867	956.136
785	1197.286	1229.267	1008.136
786	1305.229	1332.156	1120.114
787	1536.714	1557.578	1277.341
788	1497.514	1547.556	1231.477
789	1531.714	1586.800	1349.636
790	1632.800	1643.089	1388.909
791	1974.086	1708.911	1390.659
792	1802.914	1626.156	1264.227
793	1604.771	1490.533	1144.545
794	1373.600	1421.489	1046.114
795	1228.943	1385.622	1002.682
796	1130.257	1353.822	943.591
797	1012.343	1305.600	896.818
798	917.629	1227.244	860.500
799	863.829	1164.867	832.614
800	828.914	1130.933	812.205
801	794.829	1071.956	775.205
802	751.143	1026.667	742.273
803	733.200	985.978	781.682
804	711.429	1018.333	778.795
805	737.800	1113.244	817.727
806	845.686	1319.378	861.659
807	924.971	1459.178	985.636
808	1150.143	1906.556	1157.477
809	1219.771	2047.689	1133.023
810	1195.714	1996.200	1125.614
811	1114.086	1899.689	1112.727
812	1194.029	1833.067	1203.159
813	1233.943	1780.978	1166.545
814	1218.771	1727.867	1328.682
815	1307.229	2055.311	1430.591
816	1386.771	2241.956	1538.068
817	1420.371	2401.222	1559.500
818	1504.200	2905.511	1877.636
819	1474.914	2892.289	1741.318
820	1423.229	2889.044	1923.455
821	1453.629	2665.244	2439.614
822	1238.714	2390.111	2241.045
823	1096	2164.511	2039.295
824	1053.886	1968.311	1910.364
825	940.086	1740.822	1760.318
826	872.114	1606.822	1747.545
827	837.771	1496.556	1815.818
828	836.543	1443.111	1816.091
829	815.457	1366.378	1745
830	806.714	1327.044	1724.068
831	829	1308.889	1706.432
832	859	1263.533	1721.477
833	895.029	1326.600	1595.886
834	872.914	1335.600	1491
835	860.886	1296.267	1443.727
836	997.057	1530.378	1811.023
837	973.143	1565.289	1839.750
838	929.429	1610.933	1883.886
839	910.514	1546.822	1809.909
840	935.629	1647.978	1908.795
841	904.200	1660.578	1793.932
842	903.686	1748.333	1861.727
843	897.629	1614.933	1736.909
844	848.371	1486.756	1684.727
845	839.743	1364.844	1681.432
846	822.829	1302.356	1609.273
847	799.229	1256.844	1647.136
848	867.886	1354.244	1828.250
849	820.143	1350.978	1875
850	800.571	1350.267	1857.955
851	893.914	1316.444	2133.932
852	840.400	1217.333	2008.295
853	806.886	1119.778	1773.295
854	747.371	1088.378	1642.477
855	759.686	1053.778	1524.477
856	746.486	1014.556	1377.045
857	739.657	980.844	1334.909
858	747.543	991.133	1222.386
859	747.457	984.267	1149.886
860	746.057	962.600	1071
861	702.629	959.267	994.568
862	707.857	930.911	972.659
863	705.371	968.378	945.659
864	697.057	988.044	915.386
865	741.429	975	911.705
866	814.714	1101.533	983.068
867	977.543	1240.022	1224.500
868	891.571	1157.778	1314
869	872.771	1118.244	1200.614
870	808.257	1049.689	1074.500
871	833.514	1058.044	1111.341
872	804.771	1051.022	1113.432
873	804.457	1059.600	1180.045
874	785.629	1030.444	1234.159
875	833.400	1031.089	1366.114
876	869.543	1086.978	1480.295
877	938.686	1179.133	1805.318
878	929.086	1269.244	1812.432
879	897.571	1249.711	1725.273
880	823.314	1210.978	1653.636
881	806.714	1128.822	1588.273
882	846.171	1096.267	1471.795
883	881.343	1043.711	1343.568
884	847.714	993.711	1265.068
885	875.143	971.467	1179.909
886	858.200	970.400	1128.386
887	901.686	979.778	1090.023
888	881.657	963.911	1035.273
889	882.229	935.378	976.250
890	776.686	954.222	919.795
891	737	923.111	889.773
892	725.114	910.378	880.841
893	736.943	922.022	843.432
894	746.057	917.067	845.932
895	809.800	923.200	832.386
896	919.971	938.733	864.227
897	1197.857	1000.711	893.341
898	1250.571	1013.978	887.455
899	1193.571	1026.756	900.409
900	1167.886	1106.022	934.432
901	1174.229	1232.200	1038.341
902	1295.314	1278.133	1112.250
903	1285.343	1367.956	1143.750
904	1358.571	1350.200	1125.818
905	1232.714	1270.689	1041.114
906	1075.657	1184.444	991.114
907	1002.086	1154.289	963.227
908	959.886	1135.644	955.818
909	888.600	1064.667	956.545
910	965.686	1208.556	1050.386
911	1165.686	1315.044	1275.136
912	1329.029	1331.378	1573.500
913	1237.229	1286	1618.727
914	1124.914	1241.133	1404.659
915	978.171	1141.133	1205.045
916	865.629	1078.911	1088.682
917	842.543	1034.089	1028.432
918	789.971	1004.689	961
919	787.400	988.956	950.182
920	862.171	994.044	944.159
921	822.514	988.622	906.614
922	791.657	976.444	851.091
923	755.571	961.378	819.318
924	740.314	954.733	785.205
925	712.829	944.889	786.205
926	734.457	964.711	795.091
927	847.486	1008.533	839.091
928	1008.343	1039.178	870.273
929	959.486	1027.200	850.318
930	953.943	986.200	845.727
931	998.857	983.156	852.682
932	1038.029	1006.733	884.818
933	1010.486	1008.444	894.545
934	1026.343	1035.978	915.068
935	1231.600	1076	941.205
936	1310.200	1073.200	949
937	1434.343	1095.756	963.273
938	1505.486	1098.133	1004.159
939	1622.600	1113.356	989.864
940	1528.200	1074.978	934.659
941	1574.114	1048.267	929.500
942	1534.314	1007.511	1016.386
943	1358.200	988.178	964.045
944	1233.600	951.067	887.455
945	1268.857	943.756	939.909
946	1285.057	971.844	945.386
947	1156.400	951.556	919.023
948	1027.200	942.156	849.773
949	948.714	926.422	866.182
950	891.400	908	848.409
951	862.200	929.733	818.250
952	787.771	914.333	814.455
953	780.486	915.333	789.841
954	761.200	901.333	782.977
955	731.600	917.556	785.636
956	742.771	928.444	790.159
957	915.486	1067.267	913.273
958	1010.657	1223.689	1007.477
959	1030.057	1353.378	1047.636
960	1091.057	1305.178	1046.295
961	1106.514	1429.111	996.955
962	1077.029	1421.267	996.182
963	1180.571	1442.911	1032.614
964	1350.857	1402.889	1086.114
965	1449.600	1492.111	1155.023
966	1478.343	1526.489	1257.909
967	1518.686	1533.689	1259.500
968	1447.229	1495.044	1231.841
969	1336.086	1495.800	1190.523
970	1264.057	1467.044	1144.250
971	1132.143	1448.578	989.682
972	1197.543	1491.489	1052.409
973	1176.400	1414.956	1045.977
974	1011.971	1278.444	948.932
975	927.657	1227.711	866.705
976	865.371	1140.667	830.932
977	819.229	1107.844	812.273
978	789.229	1073.133	827.091
979	759.771	1074.800	841.818
980	753.400	1050.156	814
981	789.943	1066.889	847.818
982	741.114	1066.378	836.886
983	717.286	1062.356	822.386
984	715	1015	794.500
985	728.571	1040.267	788.205
986	693.571	1038.689	810.955
987	759.629	1054.067	833.205
988	830.629	1137.044	920.182
989	983.114	1191.022	1026.773
990	967.800	1169.333	1036.341
991	978.343	1161.267	1080.455
992	983.771	1202.867	1060.795
993	937.943	1137.356	1026.273
994	932.229	1150	1019.886
995	921.086	1188.422	1013.841
996	943.057	1187.489	996.205
997	903.286	1161.733	949.841
998	864.257	1100.511	913.705
999	849.486	1103.422	892.273
1000	831.229	1091.200	874.705
1001	827.286	1064.756	870.977
1002	830.743	1044.489	856.182
1003	813.029	1052.089	890.955
1004	865.029	1031.444	905.750
1005	867.314	1042.978	940.159
1006	820.971	1006.289	889.614
1007	779.686	982.778	868.341
1008	753.886	961.133	804.136
1009	724.514	939.600	805.205
1010	678.686	919.400	770.136
1011	688.686	903.356	770.636
1012	679.829	886.356	754
1013	672.543	898.022	761.432
1014	660.514	919.067	743.659
1015	695.857	917.778	734.705
1016	658.771	927.178	713.432
1017	712.314	916.156	723.955
1018	828.657	1003.644	885.273
1019	867.429	1053.311	981.364
1020	831.771	1031.533	939.295
1021	820.971	1011.844	943.341
1022	836.029	1034.356	958.455
1023	863.257	1076.667	981.500
1024	839.857	1034.844	962.955
1025	829.029	1007.578	974.250
1026	844.600	1075.733	1027.977
1027	831.857	1093	1011.386
1028	852.029	1090.844	1116.250
1029	865.200	1086.667	1170.477
1030	866.571	1079.311	1147.250
1031	892.171	1067.111	1107.955
1032	934	1125.311	1217.023
1033	1079.600	1186.711	1429.750
1034	1137.971	1117.311	1378.318
1035	1021.600	1065.556	1260.932
1036	951.400	1039.156	1122.477
1037	847.400	961.178	984.295
1038	809.629	954.311	955.545
1039	790.686	951.089	904.614
1040	734.600	947.778	866.227
1041	750.657	923.756	864.068
1042	705.257	925.889	846.455
1043	776	1085.956	855.568
1044	816.886	1107.311	899.886
1045	783.343	1078	875.250
1046	771.571	1049.689	868.045
1047	815.771	1051.578	877.886
1048	870.200	1160.422	921.227
1049	1087.514	1304.889	1012.182
1050	1103.171	1326.867	1053.318
1051	1090.229	1418.444	1117
1052	1062.943	1363.111	1097.205
1053	988.943	1300.356	1009.591
1054	924.429	1251.422	939
1055	908.771	1222.178	908.250
1056	889.486	1165.178	906.182
1057	872.629	1138.178	886.114
1058	860.057	1122.422	881.250
1059	815.686	1118.822	848.636
1060	795.400	1072.556	834.114
1061	793.543	1054.378	911.568
1062	822.886	1099.133	988.636
1063	919.743	1166.044	1102.068
1064	1074.686	1168.556	1104.409
1065	1087.143	1129.156	1026.091
1066	977.086	1083.822	920.568
1067	868.086	1012.511	861.091
1068	838.943	977.533	857.250
1069	789.400	975.756	834.750
1070	776.657	975.578	828.364
1071	766.086	961.378	811.545
1072	737.400	954.911	797.409
1073	742.857	940.444	775.068
1074	721.600	931.956	764.886
1075	688.257	932.578	747.523
1076	699.343	927.956	749.455
1077	698.771	946.022	737.886
1078	797.171	988.244	837.250
1079	1199	1197.756	977.364
1080	1261.571	1240.333	1020.705
1081	1198.029	1155.067	960.500
1082	1163.514	1179.933	921.318
1083	1119.857	1141.356	906.295
1084	1062.371	1159.689	948.682
1085	1109.857	1177.467	954.545
1086	1111.514	1193.889	952.614
1087	1078.429	1176.511	933.568
1088	1025.686	1161.022	918.500
1089	943.571	1120.778	883.068
1090	884.343	1076.467	843.205
1091	895.914	1065.422	872.955
1092	842.114	1034.289	847.432
1093	851.371	1066.667	866.932
1094	861.400	1074.289	937.568
1095	871.771	1063.422	909.727
1096	802.286	1017.333	851.114
1097	758.657	983.600	829.682
1098	750.314	970.422	808.409
1099	715.114	969.867	788.886
1100	714.943	984.067	776.068
1101	713.600	975.644	775
1102	696.086	976.111	781.432
1103	722.800	955	764.295
1104	705.657	954.889	792.955
1105	696.914	945	735.250
1106	680.971	932.667	743.432
1107	699.514	972.289	772.795
1108	750.857	999.378	781.364
1109	1161.543	1130.933	938.636
1110	1202.571	1116.200	915.386
1111	1132.857	1094.089	859.841
1112	1169.086	1056.889	854.182
1113	1212.486	1108.200	893.705
1114	1179.886	1135.578	898.659
1115	1267.914	1166.844	934.568
1116	1421.514	1179.356	964.750
1117	1604.057	1223.422	968.705
1118	1564.714	1179.067	928.773
1119	1506.286	1200.889	971.818
1120	1516.714	1222.489	975.045
1121	1467.429	1223.822	950.205
1122	1400.343	1184.067	926.682
1123	1485.171	1200.289	923.682
1124	1553.143	1207.778	1000.045
1125	1646.514	1193.356	1072.500
1126	1469.257	1091.511	931.295
1127	1308.686	1072.511	921.636
1128	1140.429	1004.844	867.818
1129	1087.714	1045.978	864.795
1130	1007.143	1010.622	859.795
1131	915.886	982.311	813.977
1132	893.400	980.733	811.409
1133	838.571	990.822	811.864
1134	785	995.667	832.114
1135	798.229	1015.289	866.250
1136	787.600	1025.533	862.455
1137	785.629	1054.933	817.250
1138	751.829	1020	820.886
1139	897.600	1116.911	894.705
1140	1158.229	1177.289	936.364
1141	1105.829	1176.311	880
1142	1061.543	1140.778	859.636
1143	1101.457	1145.733	874.591
1144	1128	1153.778	864.977
1145	1224.286	1175.867	938.386
1146	1388.914	1281.889	995.523
1147	1441.314	1334.800	990.205
1148	1334.543	1365.444	943.682
1149	1282.600	1269.244	889.273
1150	1185.086	1216.911	846.932
1151	1061.486	1144.467	839.045
1152	977.829	1127.889	808.227
1153	925.257	1135.044	825.432
1154	986.114	1176.711	897.341
1155	1060.314	1150.378	889.750
1156	1097.229	1101.489	833
1157	1029.343	1074.978	820.932
1158	948.314	1007.978	762.932
1159	941.771	1031.356	781.205
1160	946.057	987.267	777.705
1161	910.886	1030.667	787.114
1162	873.943	1005.311	818.205
1163	838	1012.111	829.273
1164	851.886	1035.867	874.159
1165	861.886	1154.578	918.705
1166	825.771	1223.911	864.932
1167	786.657	1275.267	856.705
1168	767.971	1199.244	808.955
1169	951.029	1363.622	923.045
1170	1170	1564.822	1052.136
1171	1120.571	1495.644	1002.295
1172	1061.857	1405.111	923.386
1173	1004.257	1314.844	912.295
1174	947.943	1227.111	851.136
1175	899.057	1165.667	912.273
1176	897.543	1146.756	928.136
1177	1125.943	1517.867	1009.045
1178	1111.829	1503.467	971.568
1179	1105.457	1609.756	954.727
1180	1020.371	1603.444	937.114
1181	1134.114	1682.444	972.614
1182	1120.229	1601.800	1010.795
1183	1252.829	1598.711	1132.477
1184	1229.514	1514.667	1146.091
1185	1254.571	1404.444	1233.477
1186	1140.457	1288.044	1140.500
1187	1004.200	1193.689	1019.318
1188	932.229	1126.956	978.386
1189	979.457	1110.222	956.659
1190	912.114	1074.889	900.909
1191	844.086	1038.378	896.341
1192	789	998.556	857.045
1193	781.657	1006.289	849.273
1194	717.343	958.800	818.318
1195	730.429	984.244	826.227
1196	752.400	1001.511	799.591
1197	728.343	1120.978	807.545
1198	709.171	1167.867	760.955
1199	701.314	1190.444	781.091
1200	784	1322.644	932.114
1201	782.086	1337.711	1014.227
1202	805.543	1476.356	1118.500
1203	768.629	1385.111	1122.273
1204	744.400	1308.689	1219.045
1205	755.286	1391.200	1284.909
1206	806.686	1423.533	1260.205
1207	820.829	1549.844	1276.568
1208	876.286	1577.311	1255.523
1209	906.029	1847.644	1274.591
1210	959.143	2091.645	1389.591
1211	955.229	2169.956	1451.341
1212	926.886	2144.022	1427.909
1213	919.514	2291.645	1414.955
1214	970.114	2154.667	1419.068
1215	1189.314	2336.444	1734.523
1216	1139.257	2175.355	1706.659
1217	1038.486	1894.178	1486.500
1218	927.257	1735.178	1349.432
1219	866.886	1588.689	1198.386
1220	820.400	1436.200	1107.409
1221	777.114	1380.978	1042.977
1222	765.800	1279.667	988.455
1223	772.771	1262.578	986.886
1224	763.971	1173.222	926.545
1225	687.943	1106.067	908.614
1226	710.629	1058.444	875.932
1227	692.029	1048	845.864
1228	689.829	1008.200	797.159
1229	684.657	983.778	782.705
1230	730.914	1048.644	830.795
1231	933.314	1740.022	1059.659
1232	945.143	1781.444	1391.477
1233	972.200	1640.022	1479.705
1234	925.029	1474.200	1328.477
1235	886.600	1472.956	1218.886
1236	895	1437.978	1187.023
1237	867.657	1340.178	1290.682
1238	823.200	1276.889	1263.182
1239	844.257	1257	1288.068
1240	858.086	1300.778	1339.773
1241	826.743	1197.289	1262.841
1242	794.914	1181.644	1154.114
1243	871.114	1468.422	1168.136
1244	948.686	1667.178	1305.727
1245	1095.200	1830.044	1469
1246	1250.371	1660.244	1454.068
1247	1101.600	1495.511	1323.341
1248	1017.914	1367.022	1215.409
1249	940.343	1220.378	1098.955
1250	834.971	1124.800	1005.682
1251	883	1101.956	1010.091
1252	915.200	1111.867	967.750
1253	900.314	1085.156	963.341
1254	867.571	1088.267	914.864
1255	829.600	1133.600	885.795
1256	795.857	1146.267	846.182
1257	747.057	1069.556	813.818
1258	726.686	1024.689	787.841
1259	712.429	987.400	770.795
1260	814.229	1025.867	815.841
1261	924.200	1072.889	841.636
1262	971.543	1055.711	855.091
1263	981.286	1116.533	956.682
1264	1074.171	1301.111	1079.295
1265	1163.257	1431.044	1235.295
1266	1131	1391.756	1166.068
1267	1033.943	1339.733	1088.386
1268	991.971	1296.444	1058.318
1269	969.657	1243.467	989.773
1270	909.914	1203.022	976.341
1271	880.371	1167.778	922.841
1272	882.629	1151.644	929.636
1273	906.343	1126.400	929.114
1274	916.686	1145.933	950.045
1275	915.743	1114.489	963.614
1276	971.629	1148.533	1108.659
1277	946.143	1126.133	1108.909
1278	939.229	1120.956	1144.386
1279	916.943	1129	1115.477
1280	884.571	1076.178	1096.386
1281	866.857	1070.756	1049.091
1282	857.457	997.511	1005.250
1283	820.286	972	948
1284	831.029	965.067	946.682
1285	819.829	950.622	1070.659
1286	760.657	939.067	1037.523
1287	739.171	931.667	1024.250
1288	724.857	914.511	957.068
1289	718.571	887.022	910.432
1290	756.429	926.311	864.341
1291	1082.029	1004	942.341
1292	1116.457	1033.089	928.114
1293	1093.714	1015.822	887.159
1294	1104.029	1019.778	872.455
1295	1190.114	1046.822	890
1296	1276.600	1085.533	927.932
1297	1770.600	1218.733	997.023
1298	2373.543	1231.533	1067.500
1299	2293.600	1300.467	1024.886
1300	2347.257	1340.778	1065.136
1301	2305.572	1293.467	1074.909
1302	2401.514	1355	1157.500
1303	2272.600	1524.133	1360.386
1304	2388	1581.822	1363
1305	2356.143	1518.867	1289.659
1306	2289.343	1557.511	1359.364
1307	2273.400	1472.622	1242.841
1308	2194	1382.289	1241.091
1309	1870.771	1227.156	1077.477
1310	1698.971	1190.978	1001.523
1311	1524.714	1209.644	937.159
1312	1327.400	1170.533	878.455
1313	1209.829	1126.844	838.773
1314	1042.714	1074.244	828.432
1315	1041.086	1083.600	794.273
1316	949.743	1050.133	783.341
1317	887.314	1053.867	774.409
1318	838.686	1063.511	778.432
1319	793.686	1047.156	783.886
1320	780.143	1055.089	777.977
1321	813.400	1128.689	821.455
1322	858.571	1213.489	872.977
1323	880.486	1244.956	877.205
1324	881.886	1234.244	859.205
1325	822.314	1229.378	820.795
1326	775.829	1160.689	795.341
1327	794.143	1157.489	806.455
1328	765.657	1147.289	776.068
1329	736.286	1087.422	780.591
1330	714.886	1072.356	767.727
1331	768.400	1057.911	776.068
1332	774.171	1060.311	785.977
1333	786.257	1037.333	774.841
1334	772.629	1025.844	770.750
1335	753.829	1004.778	774.455
1336	887.800	1131.956	937.045
1337	1208.057	1140.800	1070.386
1338	1234.943	1123.911	977.614
1339	1100.029	1050.533	898.886
1340	1102.514	970.600	890.227
1341	1012.857	920.711	831.409
1342	988.371	963.222	835.068
1343	927.029	946.622	814.182
1344	875.829	919.867	805.909
1345	836.857	908.067	787.977
1346	838.886	917.667	794.318
1347	797.914	970.911	805.455
1348	804.571	992.400	853.841
1349	791.571	930.800	855.455
1350	777.314	997.556	879.091
1351	1026.457	1161.689	1062.409
1352	1189.400	1279.311	1142.500
1353	1115.229	1256.222	1031.432
1354	1015.543	1232.400	962.386
1355	938.429	1173.289	888
1356	900	1145.156	861
1357	862.886	1095.956	803.636
1358	831.829	1121.289	830.545
1359	822.457	1084.356	832.750
1360	843.229	1042.578	803.932
1361	886.371	1003.111	807.750
1362	841.400	1026.333	786.068
1363	854.257	1047.711	837.227
1364	870.314	1081.133	869.477
1365	894.943	1126.089	876.545
1366	963.400	1130.089	932.386
1367	1059.200	1166.756	1050.750
1368	1005.514	1084.467	1010.818
1369	933	1000.956	903.205
1370	887.171	1005.044	878.705
1371	889.371	1026.444	874.455
1372	810.914	1054.444	839.477
1373	790.857	1056.578	826.614
1374	765.114	1071.800	798.023
1375	729.257	1065.933	803.477
1376	743.771	1030.044	800.636
1377	714.629	1011.111	769.318
1378	743.343	1073.756	793.659
1379	715.657	1042.022	791.841
1380	720.943	1026.311	770
1381	700.686	1016.067	775.682
1382	776.086	1030.067	977.659
1383	794	1034.511	1165.727
1384	792.029	1028.956	1175.432
1385	814.200	1054.244	1191.273
1386	842.343	1034.644	1285.977
1387	849.571	1047	1381.295
1388	817.143	1045.644	1313.523
1389	819.143	1053.667	1291.295
1390	835.857	1015	1237.364
1391	835.400	1053.067	1276.909
1392	830.429	1038.089	1295.545
1393	812.714	1047.422	1216.023
1394	823.486	1063.467	1175.227
1395	817.429	1051.044	1106.841
1396	824.971	1078.378	1089.182
1397	855.914	1125.156	1206.682
1398	821.086	1062.933	1104.341
1399	767.914	1013.111	994.795
1400	747.657	984.933	919.477
1401	725.486	953.933	879.045
1402	723.229	920.800	850
1403	701.971	932.356	816.432
1404	688.457	930.911	789.295
1405	680.143	908.356	777.523
1406	665	938.756	778.886
1407	687.600	928.711	783.750
1408	704.343	950.400	757.136
1409	703	971.244	779.932
1410	746.143	985.933	793.182
1411	735.743	992.978	777.909
1412	811.057	1124.311	879.659
1413	865.057	1195.689	956.864
1414	894.686	1202.356	934.705
1415	873.371	1186.867	931.727
1416	815.886	1136.489	902.727
1417	804.686	1112.333	860.750
1418	789	1080.467	850.568
1419	773.600	1034.378	830.068
1420	785.086	1024.911	816.955
1421	760.286	1032.422	822.409
1422	760.314	1047.422	841.023
1423	814.543	1072.444	858.750
1424	812.314	1069.067	869.886
1425	798.200	1051.822	848.205
1426	776.600	1028.222	847.864
1427	788.143	1056.622	930.977
1428	833.829	1042.711	937.977
1429	774.429	983.156	879.591
1430	712.371	946.089	811.727
1431	700.657	930.711	815.205
1432	684.543	918.156	766.023
1433	686.829	901.911	780.318
1434	682.571	898.733	738.205
1435	697.971	883.200	726.886
1436	676.114	874.511	734.705
1437	659.057	872.978	732.932
1438	646.457	875.667	719.886
1439	622.257	847.511	722.818
1440	630.086	862.133	710.091
1441	639	890.244	724.818
1442	724.200	958.400	765.159
1443	830.286	1044.378	849.068
1444	905.629	1063.533	865.386
1445	915.029	1126.333	917.818
1446	923.600	1116.378	895.273
1447	914.571	1077.400	857.386
1448	851.086	1075.600	847.864
1449	945.543	1117.533	904.364
1450	985.457	1131.133	950.477
1451	994.857	1137.844	931.909
1452	1011.457	1139.822	936.045
1453	1040.314	1154.778	929.205
1454	1030.143	1189.044	961.955
1455	1074.029	1205.889	969.864
1456	1008.429	1177.600	943.477
1457	1011.771	1201.267	982.318
1458	1032.743	1350.467	1044.614
1459	1078.400	1226.022	1063
1460	1035.943	1162.956	987.318
1461	962.229	1193.844	953.182
1462	891.571	1106.089	892.455
1463	829.171	1089.311	865.114
1464	847.257	1068.733	882.591
1465	813.114	1161.222	873.500
1466	793.486	1155.756	847.523
1467	784.686	1132.444	822
1468	742.086	1138.133	793.318
1469	787.943	1150.044	787.045
1470	768.771	1128.267	779.773
1471	743.486	1060.133	751.750
1472	773.314	1059.533	742.841
1473	1003.943	1144.756	839.136
1474	1013.229	1188.044	866.295
1475	986.314	1155.867	844.273
1476	961.886	1172.578	826.750
1477	900.429	1109.378	787.705
1478	832.571	1095.689	759.068
1479	856.343	1051.822	767.523
1480	841.914	1030.067	769.045
1481	908.571	1029.400	801.682
1482	1017.543	1050.089	826.159
1483	1133.371	1060.756	841.068
1484	1146.286	1055.467	867.523
1485	1154.286	1074.978	859.886
1486	1211.629	1042.867	845.659
1487	1206.457	1034	819.614
1488	1386.543	1073.267	911.977
1489	1720.343	1111.822	1155.273
1490	1769.200	1094.378	1200.250
1491	1623.886	1034.556	1122.159
1492	1528.371	1029.578	1053.636
1493	1437.486	1032.622	1010.409
1494	1289.829	1007.244	931.750
1495	1145.571	941.911	844.955
1496	1043.371	910.844	831.977
1497	946.400	918.889	811.545
1498	877	926.800	791.295
1499	848.971	904.511	774.045
1500	793.114	907.533	762.977
1501	783.829	885.644	723.841
1502	767.686	906.244	748.068
1503	824.200	998.422	791.568
1504	927.543	1276.244	822.045
1505	880.514	1241.178	811.841
1506	871.229	1211.333	834.068
1507	890.771	1210.644	865.273
1508	1101.800	1280.311	911.977
1509	1614.143	1457.933	1185.295
1510	1656.400	1412.711	1133.136
1511	1624.343	1364.356	1082.227
1512	1621.200	1281.644	1034.455
1513	1453.286	1224.556	960.205
1514	1441.743	1185.444	961.159
1515	1489.771	1170.133	972.932
1516	1595.571	1234.578	962.409
1517	1481.371	1173.089	911.364
1518	1696.314	1176.844	1054.159
1519	1995.114	1189.311	1199.886
1520	1796.200	1093.644	1094.705
1521	1644.657	1110.822	1043.727
1522	1471.571	1041.089	950.159
1523	1378.886	1047.356	936.545
1524	1379.829	1114.733	942.795
1525	1232.800	1111.867	931.295
1526	1148.600	1093.667	898.727
1527	1056.029	1049.644	877.318
1528	1060.171	1049.756	849.841
1529	1039.943	1001.956	876.795
1530	1007.057	1038.533	1012.205
1531	1031.886	1087.533	1025.409
1532	981.486	1098.778	952.386
1533	999.629	1239.556	981.659
1534	1123.257	1570.222	1103
1535	949.171	1400.422	1002.773
1536	881.200	1265.844	907.659
1537	997.314	1619.578	1048.341
1538	1322.743	2160.178	1150.636
1539	1220.629	2141.378	1084.159
1540	1187.657	2293.111	1088.523
1541	1185.543	2563.956	1045.545
1542	1083.200	2431.645	1012.023
1543	1024.086	2195.689	937.250
1544	993.829	2008.044	917.045
1545	942.371	1792.222	899
1546	884.057	1639.644	839.614
1547	849.200	1587.667	855
1548	896.686	1566.800	1064.545
1549	1237.771	1470.711	1273
1550	1270.229	1350.133	1269.159
1551	1141.600	1227.711	1079.318
1552	987.229	1186.756	1007.818
1553	926.429	1101.156	963.432
1554	861.371	1035.600	900.318
1555	818.943	991.467	877.682
1556	779.429	984.556	831.659
1557	738.914	936.733	793.045
1558	695.714	938.200	795.568
1559	687.143	926.422	762.636
1560	674.486	940.733	763.659
1561	687.171	913.311	769.295
1562	672.657	948.444	756.523
1563	697.800	955.089	745.114
1564	732.371	971.200	870.591
1565	736.543	1120.489	1106.977
1566	803.143	1320.422	1286.159
1567	788.229	1350.911	1315.705
1568	780.057	1275.133	1307.705
1569	773.400	1246.622	1333.432
1570	753.829	1242.667	1258.886
1571	741.286	1190.578	1154.250
1572	746.514	1161.844	1097.114
1573	727.057	1202.556	1056.409
1574	739.029	1200.711	1106.886
1575	821.029	1512.711	1242.295
1576	831.771	1580.200	1340.295
1577	846.657	1676.200	1306.114
1578	797.771	1518.444	1333.205
1579	793.229	1377.889	1374.409
1580	742.657	1297.400	1236.136
1581	760.200	1239.044	1182.841
1582	742.343	1180.822	1087.886
1583	706.029	1080.400	994.750
1584	678.229	1010.422	934.523
1585	699.343	958.867	904.159
1586	667.886	954.978	874.432
1587	693	934.778	867.045
1588	673.857	955.822	869.841
1589	665.229	945.756	807.795
1590	674.029	950.178	773.659
1591	660.771	941.022	798.909
1592	703.457	930.356	775.068
1593	723.171	946.778	784.364
1594	826.657	1048.156	806.023
1595	1041.543	1502.089	1069.795
1596	1038.943	1544.756	1170.477
1597	968.657	1508.111	1050.614
1598	900.429	1458.311	1047.318
1599	977.800	1734.956	1279.091
1600	1058.514	1884.933	1491.455
1601	1083.600	1791.111	1619.114
1602	1036.657	1647.356	1549.614
1603	995.143	1466.022	1594.955
1604	914.514	1363.867	1499.409
1605	893.886	1254.111	1451.318
1606	880.886	1302.733	1441.364
1607	877.114	1512.378	1418.432
1608	908.371	1513.267	1494.750
1609	978.429	1483.533	1686.159
1610	940.971	1371.733	1577.682
1611	875.114	1266.600	1407.864
1612	803.657	1175.289	1257.386
1613	779.257	1129.289	1148.091
1614	723.914	1056.844	1054.705
1615	711.514	997.556	964.114
1616	683.743	979.711	946.045
1617	667.714	958.733	896.841
1618	665.543	936.111	884.841
1619	713.971	947.933	851.136
1620	708.314	936.867	820.068
1621	682.714	958.644	816.227
1622	692.543	961.356	825
1623	688.714	941.689	780.364
1624	762.543	982.111	834.545
1625	1005.086	1107.578	910.455
1626	1054	1121.311	923.250
1627	991.143	1119.400	907.318
1628	1052.429	1101.067	905.841
1629	1077.143	1168.600	955
1630	1035.857	1133.044	947.545
1631	956.800	1124.133	921.477
1632	913.371	1085.489	873.273
1633	822.343	1042.200	828.909
1634	845.800	1002.267	827.591
1635	832.857	1008.867	811.886
1636	852.229	1014.511	854.136
1637	1044.886	1076.556	906.955
1638	1067.971	1022.756	874
1639	1106.457	1026.267	859.432
1640	970.457	1034.089	818.477
1641	923.886	998.644	844.818
1642	888.543	945.311	844.205
1643	940.057	941.333	848.409
1644	871	930.622	819.909
1645	871.800	943.156	824.636
1646	853.086	990.556	877.432
1647	821.114	1406.667	915.659
1648	779.200	1817.467	933.523
1649	787.171	1995.200	980.341
1650	767.743	1879.778	994.636
1651	705.286	1649.400	884.705
1652	710.429	1509.578	869.068
1653	704.657	1454.689	930.500
1654	750.029	1434.711	910.500
1655	1082.829	1404.800	952.750
1656	1247.571	1415.133	965.841
1657	1311.400	1356.244	924.182
1658	1275.029	1293.644	906.568
1659	1528.943	1307.911	930.977
1660	1542.743	1292.800	929.795
1661	1525.057	1312.511	962.068
1662	1529	1274.956	953.682
1663	1755.029	1256.956	1020.568
1664	1783.086	1260.511	1042.432
1665	1750.514	1347.489	1018.545
1666	1780.429	1415.867	1070.682
1667	1736.800	1422.911	1060.205
1668	1681.371	1372.111	1042.477
1669	1592.571	1322.489	1149
1670	1741.943	1579.089	1450.636
1671	1743.171	1498.200	1232.568
1672	1565.743	1344.133	1214.477
1673	1441.857	1294.044	1163.545
1674	1189.200	1251.289	1007.273
1675	1095.486	1185.644	911.523
1676	1016.886	1122.844	920.136
1677	944.057	1136.600	868.250
1678	831.600	1088.222	796.932
1679	792.771	1060.578	762.977
1680	770.914	1018.578	763.432
1681	738.286	981.778	754.818
1682	711.057	945.244	734.568
1683	685.543	920.978	712.159
1684	667.257	912.733	717.864
1685	753.143	995.467	780.750
1686	811.714	1075.489	825.068
1687	800.229	1126.667	845.977
1688	793.971	1069.733	795.068
1689	744.457	1023.800	730.409
1690	700.657	994.956	708.023
1691	715.143	987.200	738.409
1692	702	983.733	737.841
1693	717.229	966.689	726.045
1694	766.143	996.200	781.386
1695	786.886	986.222	793.818
1696	775.229	979.444	776.182
1697	817.114	967.467	770.227
1698	814.629	943.467	740.773
1699	801.571	938.222	756.841
1700	806.943	961.244	750.568
1701	858.714	965.444	835.227
1702	914.229	942.733	776.955
1703	833.571	897.733	780.477
1704	757.086	897.489	752.500
1705	734.600	867.911	728
1706	702.886	854.933	748.182
1707	695.343	862.733	736.568
1708	760.486	861.356	770.432
1709	768.286	861.156	718.136
1710	752.286	866.244	754.182
1711	775.943	864.089	713.091
1712	744.057	862.800	721.750
1713	717.057	845.178	716.136
1714	746.229	845.756	754.727
1715	774.029	938.489	783.409
1716	888.714	979.511	887.523
1717	953.057	987.111	898.455
1718	938.743	963.489	902
1719	914.686	955.889	880.182
1720	984.800	991.311	1016.364
1721	953.800	1003.933	1076.659
1722	947.257	994.378	1140.114
1723	933.771	944.467	1063.545
1724	865.486	927.689	1006.932
1725	918.857	954.156	1129.273
1726	883.457	987.400	1169.523
1727	864.743	975.756	1107.341
1728	847.057	979.533	1142.455
1729	817.400	969.089	1115.364
1730	940.314	988.422	1214.955
1731	1074.286	991.911	1264.318
1732	1114.429	945.422	1147.409
1733	1044.029	890.667	1018.386
1734	931.971	868.822	961.273
1735	838.771	877.400	914.386
1736	815.629	856.422	892.023
1737	762.657	863.689	842.341
1738	743.629	848.644	813.386
1739	708.400	835.200	776.205
1740	706.943	848.289	827.886
1741	826.171	921.956	854.455
1742	842.343	943.933	862.432
1743	807.486	932.689	839.523
1744	754.229	905.711	792.795
1745	736.543	928.044	781.045
1746	783.486	960.844	907.636
1747	764.629	1043.044	983.795
1748	739.229	1033.267	1070.545
1749	708.971	982.689	993.750
1750	717.200	984.600	966.591
1751	749.343	989.600	1055.023
1752	739.657	972.511	1114.182
1753	744.686	1004.089	1171.091
1754	739.914	969.667	1127.023
1755	717.857	914.378	1071.273
1756	757.629	961.600	1032.227
1757	728.600	937.644	1041.886
1758	803.314	1000.756	1121.295
1759	825.171	1043.333	1118.205
1760	840.057	1124.422	1239.432
1761	878.600	1152.333	1267.750
1762	797.771	1052.822	1141.023
1763	755.286	1024.600	1070.318
1764	715.800	968.511	991.977
1765	693.800	918.244	930.432
1766	680.486	914.844	879.455
1767	669.486	888.933	853.023
1768	693.914	905.489	801.568
1769	674.800	889.111	805.500
1770	688.171	940.022	804.932
1771	733.543	1050.556	853.977
1772	717.057	1023.244	842.273
1773	720.629	1026.467	817.386
1774	743.543	1051.667	861.886
1775	751.114	1083.200	893.682
1776	814.686	1066.844	897.932
1777	924.114	1121.400	950.159
1778	941.114	1179.800	955.318
1779	940.200	1266.889	1007.273
1780	863.343	1245.444	930.136
1781	829.171	1142.311	868.114
1782	810	1100.756	842.591
1783	819	1107.578	850.386
1784	819	1064.667	825.955
1785	830	1075.667	826.932
1786	809.829	1064.911	849.318
1787	810.486	1107.133	849.523
1788	833.229	1067.289	835
1789	831.343	1100.289	876.682
1790	843.914	1148.022	867.909
1791	888.286	1178.511	918.659
1792	886.629	1122.844	890.386
1793	844.971	1071.089	799.364
1794	811.486	1029.733	801.568
1795	803.914	1019.111	779
1796	742.771	982.378	758.773
1797	758.257	951.778	752.750
1798	707.971	942.244	744.182
1799	708.486	926.533	737.568
1800	723.629	979.133	762.727
1801	755.629	980.044	746.795
1802	712.543	961.244	737.636
1803	703.600	942.333	731.568
1804	703.314	922.733	709.932
1805	673.571	918.044	709.273
1806	806.029	989.933	765.636
1807	993.514	1176.578	881.864
1808	959.800	1153.200	856.227
1809	949.514	1136.978	896.523
1810	881.914	1093.200	841.591
1811	850.429	1079.356	802.409
1812	803.886	1069.533	782.182
1813	830.914	1027.289	774.864
1814	868.257	1072.267	856.295
1815	1020.029	1168.311	942.091
1816	1095.143	1198.067	973.659
1817	1061.057	1172.556	949.727
1818	1000.229	1150.489	922
1819	909.171	1144.578	919.318
1820	885.229	1104.156	873.114
1821	911.086	1203.111	942.500
1822	1121.229	1224.333	992.341
1823	1157.229	1152.533	896.159
1824	1004.657	1066.244	826.705
1825	943.629	1046.200	794.932
1826	851.829	1006.289	772.750
1827	806.200	984.822	724.909
1828	776.171	947.111	727.818
1829	734	961.067	727.841
1830	717.114	952.378	733.841
1831	725.229	978.289	704.250
1832	701.543	949.978	713.182
1833	687.057	937.933	713
1834	704.886	944.933	725.977
1835	722.914	929.844	720.682
1836	801.800	983	760.932
1837	1379.429	1120.622	949.886
1838	1389.914	1100.800	903.114
1839	1248.743	1113.600	869
1840	1345.771	1103.244	873.318
1841	1350.914	1126.689	850.750
1842	1199.771	1105.022	860.568
1843	1118.286	1073.889	831.864
1844	1134.343	1064.022	855.432
1845	1320.457	1135.956	882.205
1846	1245.914	1119.822	862.659
1847	1171.343	1100.778	857.091
1848	1112.371	1080.156	848.477
1849	1076.571	1063.489	828.273
1850	1076.286	1036.844	802.500
1851	1168.143	1080.267	841.636
1852	1319.114	1138.622	929.750
1853	1259.943	1063.089	884.045
1854	1128.171	988.933	803.250
1855	1035.600	973.178	794.773
1856	921.229	957.778	755.341
1857	868.171	933.378	747.341
1858	826.057	931.067	758.636
1859	798.143	935.667	756.455
1860	751.971	928.644	747.409
1861	720.143	921.133	745.205
1862	696.771	944.800	747.636
1863	678.114	924	714.068
1864	687.200	938.444	748.182
1865	682.400	924.156	726.227
1866	675.514	921.867	735.886
1867	777.971	1056.578	836.182
1868	927.657	1115.378	855
1869	912.029	1126.711	851.977
1870	878.171	1135.222	825.614
1871	871.143	1169.311	869.682
1872	858.457	1135.578	841.205
1873	880.429	1130.600	848.591
1874	868.429	1126.911	802.818
1875	879.657	1121.600	803.727
1876	852.343	1108.356	825.227
1877	829.200	1082.978	825.386
1878	963.657	1174.511	867.614
1879	1182.771	1180.822	898.636
1880	1205.171	1197.489	897.568
1881	1087.629	1132.489	836.682
1882	1149.200	1117.267	896.023
1883	1282.571	1066.644	992.705
1884	1169.943	1001.067	888.864
1885	1052.743	1018.689	868.864
1886	1015.971	978.089	837.023
1887	1113.486	1013.600	862.386
1888	1106.543	1017.022	830.523
1889	1023.914	1017.489	827.909
1890	929.457	1033.800	817.818
1891	882.943	1038.400	800.045
1892	806.657	984.200	760.364
1893	768.457	971.089	752.614
1894	763.143	969.067	765.386
1895	790.286	1018.133	769.091
1896	766.886	1028.289	780.364
1897	831.343	1077	859.636
1898	972.857	1275.133	920.409
1899	958.371	1266.978	876.659
1900	965.029	1194.178	823.977
1901	925.171	1120.733	816.977
1902	944.686	1091.444	830.068
1903	1049.714	1247.289	848.795
1904	1067	1256.089	842.136
1905	1082.286	1274.422	887.977
1906	1110.571	1334.756	920.045
1907	1022.571	1210.022	842.773
1908	979.600	1140.800	832.727
1909	1429.657	1381.689	928.500
1910	1504.257	1480.911	969.909
1911	1544.657	1584.422	938.977
1912	1448.457	1516.978	946.909
1913	1450.771	1379.756	1021.114
1914	1313.029	1236.400	919.636
1915	1165.171	1130.089	877.682
1916	1045.171	1062.422	858.705
1917	960.571	1023.511	785.841
1918	890.429	992.467	792.386
1919	826.771	925.889	771.091
1920	774.800	914.778	759.591
1921	771.086	892.222	741.045
1922	717.429	881.356	705.318
1923	689.200	879.578	706.227
1924	668.857	906.333	686.386
1925	667.371	947.644	694.045
1926	665.114	918.289	734.909
1927	682.600	986.422	730.045
1928	799.171	1182.556	888.932
1929	788.543	1210.378	870.568
1930	746.086	1262.067	833.500
1931	706.857	1124.911	800.750
1932	693.743	1084.822	885.977
1933	725.086	1168.311	967.773
1934	776.571	1219.378	1025.023
1935	761.086	1350	1026.909
1936	818.657	1429.556	1013.045
1937	774.914	1456.578	967.432
1938	752.257	1456.133	960.523
1939	749.486	1291.556	879.295
1940	737.429	1202.089	864.886
1941	719.657	1139.422	825.477
1942	737.886	1145.600	881.409
1943	912.400	1145.489	1021.568
1944	1393.086	1147.733	1046.614
1945	1359.800	1065.778	953.886
1946	1227.771	1017.289	904.159
1947	1077.600	1000.733	862.977
1948	1057.514	963.933	824.955
1949	996.943	930.533	805.068
1950	902.400	912.933	781.182
1951	858.657	916.800	771.364
1952	801.829	920.489	722.932
1953	795.457	942.356	762.136
1954	801.914	990.867	764.727
1955	799.229	1090.422	781.977
1956	762.600	1041.711	739.795
1957	753.371	998.133	706.318
1958	758.229	998.756	753.818
1959	877.686	1237.067	933.864
1960	816.029	1258.267	955.818
1961	971.943	1587.489	1162.750
1962	1031.971	1712	1126.955
1963	933.086	1591.622	1023.341
1964	836.857	1429.867	973.568
1965	884.057	1557.378	1180.545
1966	867.257	1470.222	1177.750
1967	779.571	1340.356	1110.114
1968	737.229	1202.644	1076.727
1969	742.171	1136.400	1032.250
1970	757.886	1171.844	1022.136
1971	774.629	1258.178	1051.114
1972	778.600	1210.222	1030.409
1973	807.286	1293.644	1188.523
1974	884.971	1224.289	1294.273
1975	864.800	1145.333	1184
1976	889.543	1105.444	1181.864
1977	1130.200	1329.489	2032.455
1978	1190.029	1478.467	2322.318
1979	1300.343	1471.111	2656.023
1980	1248.800	1448.444	2491.750
1981	1251.114	1642.467	1721.955
1982	1141.371	1709.667	1393.909
1983	1045.486	1757.089	1275.886
1984	1117.971	1574.133	1702.068
1985	1106.657	1405.822	2154.455
1986	1128.971	1363.778	2061.886
1987	1092.143	1295.511	2109.659
1988	1278.314	1471.978	2346.818
1989	1456.114	1621.267	2337.409
1990	1540.914	1723.822	2332.273
1991	1522.857	1745.178	2111
1992	1353.714	1894.844	1807.182
1993	1310.114	1714.533	1765.432
1994	1370.514	1696.311	1754.409
1995	1418.629	1792.111	1747.841
1996	1431.400	1757.533	1688.818
1997	1417.400	1785	1743.864
1998	1461.543	1880.800	1709.318
1999	1507.286	1885.444	1780.364
2000	1569.914	1932.778	1906.886
2001	1756.143	1907.333	1981.159
2002	1551.171	1893.400	1843.705
2003	1644.686	1914	2046.341
2004	1593.429	1971.044	1843.068
2005	1480.229	1875.511	1601.977
2006	1284.200	1742.222	1340.205
2007	1099.314	1600.422	1155.295
2008	946.486	1546.800	1017.682
2009	870.286	1401.533	953.068
2010	829.029	1302.356	861.932
2011	762.229	1224.178	812.864
2012	735.771	1211.333	802.795
2013	730.086	1257.844	771.432
2014	720.314	1465.133	791.818
2015	740.371	1498.356	790.591
2016	799.600	1506.444	842.795
2017	858.971	1624.511	865.114
2018	1018.114	1649.622	920.227
2019	1293.114	1726.200	1041
2020	1229.371	1674.978	1037.386
2021	1046.057	1545.556	949.864
2022	1019.857	1474.422	927.205
2023	969.343	1410.289	911.955
2024	932	1346.178	885.091
2025	857.771	1290.311	841.295
2026	836.771	1267.244	818.273
2027	856.714	1234.222	816.591
2028	855.629	1239.578	810.864
2029	875.800	1186.178	781.386
2030	872.114	1162.733	805.750
2031	856.943	1147.822	793.795
2032	846.457	1131.933	801.750
2033	859.629	1128.911	834.045
2034	965.543	1180.822	1093.591
2035	1174.286	1151.911	1112.159
2036	1214.143	1103.689	1002.477
2037	1165.600	1042.044	895.795
2038	1025.743	1012.156	849.477
2039	894	943.756	781.091
2040	823	929.400	765.318
2041	777.400	911.622	743.114
2042	758.486	903.600	708.795
2043	691.629	881.711	697.864
2044	685.286	854.289	676.136
2045	650.029	852.933	682.114
2046	620	846.156	664.818
2047	636.714	809.489	678.500
2048	661.314	842.622	679.818
2049	844.857	1061.956	856.182
2050	1001.057	1132.733	1005.023
2051	1088.600	1144.733	1086.977
2052	1062.114	1213.356	1016.909
2053	989.200	1185.844	939.182
2054	918.943	1149.533	883.818
2055	901.229	1145.933	855.773
2056	866.429	1126.200	822.409
2057	800.743	1082.733	793.523
2058	767.371	1047.267	764.818
2059	772.829	1037.978	756.864
2060	802.943	1075.867	776.023
2061	819.857	1071.689	835.750
2062	826.600	1082.644	836.545
2063	825.029	1061.444	819.318
2064	882.600	1070.733	871.591
2065	995.486	1104	961.455
2066	952.314	1053.600	921.773
2067	882.400	1015.489	883.273
2068	851.771	1015.733	840.705
2069	777.371	987.244	826.682
2070	757.343	990.911	825.114
2071	715.029	972.289	784
2072	725.571	984.733	748.636
2073	692.057	1037.044	762
2074	748.600	1050.244	765.636
2075	718	984.667	756.432
2076	684.829	958.778	708.182
2077	672.657	913.244	716.659
2078	665.400	917	695.909
2079	764.286	948.422	809.273
2080	825.971	1099.578	941.364
2081	867.543	1169.911	937.545
2082	1008.514	1233.378	1206.909
2083	1116.200	1279.089	1426.795
2084	1126.514	1223.622	1395.295
2085	1093.029	1176.267	1295.364
2086	981.571	1106.689	1176.250
2087	927.657	1089.267	1072.341
2088	883.429	1106.911	1092.886
2089	871.543	1085.222	1079.523
2090	835.257	1044.133	1023.409
2091	813.343	1051.844	1047.523
2092	833.400	1054.622	1084.545
2093	827.971	1077.689	1073.523
2094	851.943	1096.933	1115.341
2095	859.771	1215.778	1148.500
2096	849.571	1148.133	1199.545
2097	801.514	1045.467	1080.068
2098	727.371	1018.933	996
2099	709.914	987.178	923.341
2100	669.600	951.378	878.273
2101	674.629	966	860.455
2102	664.143	948.422	834.045
2103	661.229	938.644	814.614
2104	670.714	940.622	808.068
2105	663.514	921.578	772.159
2106	642.457	902.222	736.386
2107	638.571	910.533	699.841
2108	619.400	890	706.455
2109	678.057	919.956	716.273
2110	814.171	979.444	960.614
2111	874.343	1052.422	1087.750
2112	851.514	1022.533	1102.545
2113	803.914	1019.444	1124.705
2114	817.514	1018.067	1137.114
2115	792.600	1002.311	1055.091
2116	819.686	1027.689	1012.205
2117	789.514	1062.778	989.068
2118	815.686	1055.178	948.136
2119	802.800	1076.978	942.545
2120	827.714	1060.578	910.159
2121	843.200	1101.978	886.977
2122	793.114	1098.400	869.864
2123	808.600	1097.711	855.455
2124	822.800	1113.622	903.795
2125	866.771	1169.667	960.614
2126	958.829	1133.756	926.455
2127	865.343	1051.200	834.886
2128	816.629	1005.867	813.273
2129	773.914	983.667	771.727
2130	765	933.689	755.568
2131	724.086	923.222	735.341
2132	722.771	892.289	720.045
2133	756.886	1019.956	772.114
2134	751.714	1004.867	775.091
2135	762.543	1005.133	779.295
2136	700.086	976.378	728.318
2137	705.029	946.644	724.500
2138	661.286	930.867	711.523
2139	688.486	921.356	708.750
2140	772	994.622	743.977
2141	799.343	1021.978	804.705
2142	811.143	1046.667	815.523
2143	812.600	1046.911	822.977
2144	816.914	1089.578	819.114
2145	802.343	1073.133	834.273
2146	781.686	1077.556	798.955
2147	766.771	1060.311	812.955
2148	816.657	1076.222	840.477
2149	839.086	1160.067	870.273
2150	823.914	1140.822	853.182
2151	872.714	1131.622	907.295
2152	906.343	1262.978	947.886
2153	914.286	1374.511	933.682
2154	894.600	1307.333	911.795
2155	886.143	1342.067	884.932
2156	935.914	1274.267	901.295
2157	918.657	1200.222	851.841
2158	857.171	1135.267	832.386
2159	807.286	1084.711	756.477
2160	762.914	1043.444	751.955
2161	761.886	999.222	748.114
2162	727.057	994.467	727.318
2163	698.686	998.956	707.750
2164	690.057	961.933	706.250
2165	691.086	962	728.409
2166	714.514	960.089	702.659
2167	740.086	967.133	714.682
2168	745.686	999.600	745.795
2169	721.829	971.956	722.909
2170	804.829	1030.156	776.068
2171	960.343	1199.267	905.068
2172	930.714	1176.733	873.864
2173	905.457	1130.844	885.636
2174	975.543	1190.467	940.409
2175	973.771	1282.044	955.523
2176	995.943	1258.978	926.636
2177	938.086	1279.822	911.023
2178	927.486	1225.622	905.068
2179	910.400	1250.511	901.500
2180	912.657	1222.911	873.955
2181	889.371	1225.556	894.159
2182	900.943	1201.733	904.045
2183	907.971	1272.089	928.591
2184	916.943	1257.622	905.432
